        Observatory Irkutsk  Range for K=9 350nT
IRT
2006 01  1    1  2 1 2 2 3 2 2 2  16
         2    2  2 3 4 3 2 2 1 3  20
         3    3  2 1 1 0 2 3 2 0  11
         4    4  0 1 0 0 1 0 1 0   3
         5    5  0 1 1 2 2 3 1 1  11
         6    6  1 1 2 2 3 3 2 2  16
         7    7  2 2 2 2 2 3 1 0  14
         8    8  0 2 2 2 2 3 0 1  12
         9    9  0 1 1 1 1 0 0 1   5
        10   10  0 0 1 1 1 1 0 0   4
        11   11  0 0 1 1 2 2 1 1   8
        12   12  1 1 2 1 1 0 2 2  10
        13   13  0 1 1 0 1 1 1 0   5
        14   14  1 0 1 2 1 2 2 1  10
        15   15  1 2 2 1 2 3 3 1  15
        16   16  2 2 3 3 4 5 4 3  26
        17   17  2 2 3 3 3 3 2 2  20
        18   18  2 2 3 4 1 4 2 2  20
        19   19  1 1 2 3 3 2 2 3  17
        20   20  2 2 1 2 3 3 3 1  17
        21   21  2 1 2 2 3 1 1 0  12
        22   22  1 1 1 2 3 3 1 1  13
        23   23  2 3 3 3 3 3 2 4  23
        24   24  3 3 3 2 1 1 1 1  15
        25   25  2 2 1 2 2 2 4 4  19
        26   26  4 3 2 3 3 4 3 4  26
        27   27  3 3 2 3 3 3 3 2  22
        28   28  2 1 1 2 2 1 3 2  14
        29   29  2 2 2 0 1 0 0 0   7
        30   30  0 1 0 1 1 1 1 0   5
        31   31  2 2 2 0 2 2 0 1  11
IRT
2006 02  1   32  2 2 2 2 2 1 1 2  14
         2   33  1 1 1 3 2 2 3 2  15
         3   34  2 1 1 1 1 2 4 1  13
         4   35  2 1 2 2 2 2 1 0  12
         5   36  1 1 1 1 1 1 2 1   9
         6   37  2 3 2 3 4 3 4 4  25
         7   38  1 1 1 1 1 1 2 1   9
         8   39  2 1 1 1 0 1 1 0   7
         9   40  1 1 2 1 2 1 2 2  12
        10   41  1 1 2 1 1 1 2 3  12
        11   42  2 2 2 1 3 3 2 1  16
        12   43  1 2 2 1 2 2 1 0  11
        13   44  0 1 1 0 2 3 2 2  11
        14   45  1 2 1 1 0 1 1 1   8
        15   46  1 2 3 3 3 3 3 3  21
        16   47  3 2 3 2 1 2 2 2  17
        17   48  1 1 2 1 2 1 1 1  10
        18   49  1 2 1 1 2 1 1 1  10
        19   50  2 2 2 1 1 3 3 2  16
        20   51  1 3 2 4 4 5 3 3  25
        21   52  2 3 3 5 4 4 3 2  26
        22   53  3 3 3 4 3 5 2 2  25
        23   54  1 2 2 1 0 1 2 1  10
        24   55  2 2 2 3 3 2 1 0  15
        25   56  2 2 1 1 0 0 1 0   7
        26   57  2 2 2 1 2 3 2 3  17
        27   58  3 2 2 0 2 0 1 1  11
        28   59  1 2 1 3 3 2 2 2  16
IRT
2006 03  1   60  2 1 2 2 4 2 1 0  14
         2   61  1 1 2 1 2 1 1 1  10
         3   62  1 2 2 1 1 1 2 1  11
         4   63  1 1 1 1 1 1 0 1   7
         5   64  0 2 1 0 1 1 0 0   5
         6   65  1 2 2 2 3 2 4 4  20
         7   66  4 3 3 3 3 2 1 2  21
         8   67  1 1 1 1 2 2 2 2  12
         9   68  1 1 1 1 1 2 3 1  11
        10   69  2 2 2 4 4 2 2 4  22
        11   70  3 2 3 3 2 3 2 1  19
        12   71  1 1 2 2 2 1 2 0  11
        13   72  1 0 0 1 2 0 0 1   5
        14   73  1 0 1 1 2 0 1 1   7
        15   74  2 2 2 3 2 3 3 1  18
        16   75  1 2 2 2 2 3 1 1  14
        17   76  1 1 1 1 1 0 1 1   7
        18   77  1 2 4 4 4 4 5 4  28
        19   78  4 3 4 4 4 4 3 3  29
        20   79  3 3 4 4 4 3 4 3  28
        21   80  2 2 2 3 3 4 5 3  24
        22   81  3 2 3 2 1 2 3 2  18
        23   82  2 1 2 2 1 1 0 1  10
        24   83  1 1 2 2 2 1 3 2  14
        25   84  2 2 2 3 2 2 3 1  17
        26   85  3 2 1 2 3 3 4 3  21
        27   86  3 2 2 2 1 3 1 3  17
        28   87  2 3 3 2 1 2 1 1  15
        29   88  2 2 1 2 1 1 2 3  14
        30   89  2 2 2 2 0 1 2 2  13
        31   90  2 1 3 3 3 2 2 1  17
IRT
2006 04  1   91  2 2 2 1 0 1 0 1   9
         2   92  2 2 2 1 1 1 0 1  10
         3   93  1 1 1 1 1 1 1 2   9
         4   94  2 1 2 3 2 3 4 4  21
         5   95  3 3 3 4 6 4 4 2  29
         6   96  2 4 3 3 3 1 2 2  20
         7   97  2 3 2 1 2 1 1 1  13
         8   98  1 2 3 3 2 2 2 2  17
         9   99  4 5 5 4 4 3 4 5  34
        10  100  3 3 3 3 3 3 2 2  22
        11  101  3 2 1 1 2 2 1 2  14
        12  102  1 2 0 1 1 0 1 1   7
        13  103  2 2 4 3 4 4 2 3  24
        14  104  3 5 5 6 5 5 4 3  36
        15  105  3 3 4 4 4 5 4 3  30
        16  106  2 3 2 3 3 2 2 1  18
        17  107  2 1 2 1 1 1 2 3  13
        18  108  3 2 1 1 1 2 2 2  14
        19  109  1 1 1 1 1 1 1 1   8
        20  110  2 2 1 3 3 2 1 0  14
        21  111  1 2 1 3 2 4 2 2  17
        22  112  4 4 3 5 3 2 1 1  23
        23  113  1 2 3 2 1 2 0 1  12
        24  114  2 1 2 3 1 0 0 2  11
        25  115  2 1 2 1 2 1 1 2  12
        26  116  3 2 2 1 1 1 2 2  14
        27  117  3 1 3 2 1 2 2 1  15
        28  118  3 2 4 4 3 1 2 2  21
        29  119  3 1 2 1 1 1 0 2  11
        30  120  2 2 2 1 0 0 0 2   9
IRT
2006 05  1  121  0 0 2 2 0 0 0 0   4
         2  122  1 1 2 1 1 1 1 1   9
         3  123  1 2 2 2 1 1 2 2  13
         4  124  2 2 3 3 5 3 3 2  23
         5  125  3 3 2 3 3 2 1 1  18
         6  126  2 2 2 2 5 5 4 3  25
         7  127  3 3 5 4 4 2 3 2  26
         8  128  2 2 3 2 1 1 1 1  13
         9  129  2 2 2 2 1 2 1 2  14
        10  130  2 3 1 1 1 1 2 2  13
        11  131  3 3 3 4 3 2 3 4  25
        12  132  3 4 4 2 4 3 2 2  24
        13  133  2 3 2 2 2 1 2 1  15
        14  134  2 3 2 3 2 2 2 1  17
        15  135  2 2 2 2 2 1 1 2  14
        16  136  2 2 1 1 0 0 1 1   8
        17  137  2 1 1 1 2 3 2 2  14
        18  138  2 3 5 4 3 4 3 2  26
        19  139  3 2 3 2 2 1 2 3  18
        20  140  2 3 3 3 2 1 2 2  18
        21  141  3 2 2 3 0 2 3 1  16
        22  142  2 2 3 2 2 2 2 3  18
        23  143  3 2 2 1 1 1 1 1  12
        24  144  2 1 2 2 2 1 0 2  12
        25  145  2 2 3 2 1 1 2 2  15
        26  146  2 1 1 1 1 1 1 1   9
        27  147  2 2 2 1 1 0 1 1  10
        28  148  1 3 2 3 1 1 1 1  13
        29  149  2 3 2 1 0 0 2 2  12
        30  150  2 1 2 3 4 3 3 2  20
        31  151  3 3 2 3 2 1 1 2  17
IRT
2006 06  1  152  2 3 3 4 3 2 2 3  22
         2  153  3 3 2 3 1 1 1 1  15
         3  154  2 2 3 2 2 1 1 1  14
         4  155  1 1 2 2 1 0 0 1   8
         5  156  1 1 1 1 0 1 2 1   8
         6  157  3 3 4 4 4 4 4 3  29
         7  158  4 3 4 4 3 4 2 3  27
         8  159  4 3 3 4 4 3 3 2  26
         9  160  3 3 3 3 2 3 2 2  21
        10  161  2 2 3 3 3 2 1 1  17
        11  162  2 3 2 2 2 2 1 2  16
        12  163  2 2 2 2 2 3 1 2  16
        13  164  2 2 3 1 2 1 1 1  13
        14  165  2 2 3 3 1 2 3 3  19
        15  166  4 3 3 4 4 3 3 3  27
        16  167  3 2 3 3 3 1 3 2  20
        17  168  3 2 4 2 2 2 2 2  19
        18  169  2 3 3 4 1 1 1 1  16
        19  170  2 1 1 1 1 0 1 1   8
        20  171  2 2 2 2 2 1 1 2  14
        21  172  2 1 1 1 2 2 1 1  11
        22  173  2 2 2 2 2 2 1 1  14
        23  174  1 1 1 1 1 1 0 1   7
        24  175  1 2 2 2 2 2 1 2  14
        25  176  2 2 3 3 1 1 0 2  14
        26  177  2 1 2 2 1 1 1 1  11
        27  178  2 2 2 2 2 1 2 3  16
        28  179  3 3 4 3 4 2 3 2  24
        29  180  3 3 3 3 3 3 3 2  23
        30  181  2 2 3 2 3 3 2 1  18
IRT
2006 07  1  182  2 2 2 2 2 1 1 1  13
         2  183  2 1 2 2 1 0 0 1   9
         3  184  2 1 2 2 1 2 1 2  13
         4  185  2 3 3 3 4 3 4 4  26
         5  186  4 4 4 3 2 2 2 3  24
         6  187  3 2 4 3 1 2 2 2  19
         7  188  3 3 3 2 3 2 1 1  18
         8  189  2 2 2 1 1 1 1 1  11
         9  190  2 2 1 1 0 1 1 2  10
        10  191  3 2 2 3 3 3 2 2  20
        11  192  2 2 2 3 3 3 3 2  20
        12  193  3 2 3 4 4 2 1 2  21
        13  194  2 3 3 2 1 1 1 2  15
        14  195  2 2 3 3 4 4 3 2  23
        15  196  2 2 3 2 2 1 1 2  15
        16  197  1 2 2 1 1 0 0 1   8
        17  198  1 2 2 2 2 1 1 0  11
        18  199  2 2 2 1 1 1 1 1  11
        19  200  2 1 2 1 0 1 1 2  10
        20  201  1 2 2 2 1 1 1 1  11
        21  202  2 2 2 1 1 0 0 1   9
        22  203  2 1 2 2 1 1 1 2  12
        23  204  2 2 1 1 1 1 1 1  10
        24  205  2 3 3 2 2 3 1 1  17
        25  206  2 2 2 1 2 1 1 3  14
        26  207  2 2 2 2 1 1 2 2  14
        27  208  3 2 2 1 3 3 3 3  20
        28  209  5 4 4 4 3 3 1 1  25
        29  210  2 2 2 1 0 1 2 1  11
        30  211  2 2 2 2 1 1 1 2  13
        31  212  3 3 4 4 4 3 2 2  25
IRT
2006 08  1  213  2 3 3 4 3 3 2 1  21
         2  214  2 2 3 2 3 2 1 3  18
         3  215  2 2 2 2 1 2 1 1  13
         4  216  1 3 2 0 0 1 1 1   9
         5  217  2 3 1 1 1 1 1 1  11
         6  218  1 1 3 2 2 2 1 1  13
         7  219  3 3 5 4 4 4 3 3  29
         8  220  3 3 3 3 3 3 2 1  21
         9  221  2 3 2 3 3 1 2 2  18
        10  222  1 2 2 2 2 1 2 2  14
        11  223  3 2 2 3 3 2 1 2  18
        12  224  2 3 2 2 2 3 2 1  17
        13  225  1 1 2 1 1 1 1 1   9
        14  226  1 2 2 1 2 1 1 1  11
        15  227  1 1 1 2 1 2 1 1  10
        16  228  2 2 1 2 2 1 1 1  12
        17  229  2 1 3 2 2 2 3 3  18
        18  230  2 2 3 3 3 3 2 2  20
        19  231  2 2 2 3 5 4 5 5  28
        20  232  5 4 2 2 3 3 2 2  23
        21  233  2 3 3 3 2 3 3 4  23
        22  234  3 3 5 3 3 4 3 2  26
        23  235  3 3 3 2 1 1 1 2  16
        24  236  2 2 2 1 2 2 2 2  15
        25  237  1 1 0 1 0 1 1 1   6
        26  238  1 1 1 1 1 0 1 2   8
        27  239  1 1 2 4 4 4 3 3  22
        28  240  3 3 3 2 2 3 3 2  21
        29  241  2 3 3 3 2 2 2 1  18
        30  242  1 1 3 3 2 3 3 2  18
        31  243  2 2 4 2 3 4 3 3  23
IRT
2006 09  1  244  3 2 2 3 3 4 4 3  24
         2  245  3 2 2 2 3 2 3 2  19
         3  246  2 3 2 2 2 2 2 2  17
         4  247  3 4 4 4 3 3 3 2  26
         5  248  2 2 3 3 2 4 2 2  20
         6  249  2 3 2 3 3 3 2 2  20
         7  250  2 2 3 2 3 3 1 1  17
         8  251  2 2 2 1 2 1 1 1  12
         9  252  2 1 2 1 0 0 0 1   7
        10  253  1 3 3 1 1 3 2 2  16
        11  254  3 3 3 3 2 2 0 1  17
        12  255  2 3 3 2 1 1 2 2  16
        13  256  2 4 4 2 1 1 1 1  16
        14  257  1 2 2 2 1 1 1 1  11
        15  258  1 1 2 1 0 0 1 1   7
        16  259  2 3 1 1 2 2 2 1  14
        17  260  1 2 3 3 4 2 4 3  22
        18  261  4 3 3 4 4 2 4 3  27
        19  262  3 3 3 3 3 2 2 2  21
        20  263  1 2 2 1 0 1 1 0   8
        21  264  2 2 1 1 1 0 1 1   9
        22  265  1 2 2 1 1 1 1 0   9
        23  266  1 2 1 2 2 2 3 4  17
        24  267  4 4 4 5 4 3 2 2  28
        25  268  2 2 3 3 3 2 1 1  17
        26  269  2 2 2 1 2 2 2 2  15
        27  270  2 2 2 1 1 2 1 2  13
        28  271  2 3 2 1 1 1 2 2  14
        29  272  3 3 3 1 2 2 3 2  19
        30  273  3 4 3 4 3 3 2 3  25
IRT
2006 10  1  274  4 3 4 4 4 3 2 2  26
         2  275  3 2 3 2 3 2 3 2  20
         3  276  2 2 1 2 3 3 1 1  15
         4  277  2 2 2 1 1 3 2 1  14
         5  278  2 2 1 1 1 1 2 2  12
         6  279  1 1 2 2 2 1 1 1  11
         7  280  2 2 2 0 2 4 3 3  18
         8  281  2 2 3 3 2 2 2 1  17
         9  282  2 3 1 1 1 0 1 2  11
        10  283  2 1 1 1 0 1 1 1   8
        11  284  1 2 1 2 2 2 1 1  12
        12  285  1 2 2 2 3 2 1 2  15
        13  286  1 2 4 4 4 3 5 4  27
        14  287  3 3 3 4 3 4 3 3  26
        15  288  2 3 3 3 3 2 3 2  21
        16  289  2 1 2 1 3 3 2 3  17
        17  290  2 1 1 2 2 2 1 1  12
        18  291  1 1 2 1 1 1 2 1  10
        19  292  1 2 1 2 1 1 1 2  11
        20  293  2 2 3 3 4 4 3 2  23
        21  294  3 3 3 3 4 4 3 2  25
        22  295  3 3 2 1 3 3 2 4  21
        23  296  1 1 1 1 1 1 1 1   8
        24  297  1 1 2 2 2 1 2 2  13
        25  298  1 2 2 1 1 2 1 0  10
        26  299  1 1 1 1 2 1 0 0   7
        27  300  2 2 2 1 2 1 2 3  15
        28  301  2 3 2 3 3 3 4 4  24
        29  302  4 3 4 3 3 3 4 4  28
        30  303  2 2 2 3 3 2 1 1  16
        31  304  1 2 1 2 2 3 2 3  16
IRT
2006 11  1  305  2 2 2 1 3 2 2 2  16
         2  306  2 1 2 2 2 3 4 3  19
         3  307  2 2 3 3 4 2 2 1  19
         4  308  2 2 2 2 1 3 3 2  17
         5  309  1 1 3 3 3 3 1 0  15
         6  310  1 1 2 0 1 1 0 0   6
         7  311  1 1 1 0 0 0 0 0   3
         8  312  1 2 1 1 0 1 1 1   8
         9  313  2 1 1 1 2 3 3 5  18
        10  314  4 4 4 5 4 3 4 3  31
        11  315  3 3 3 3 4 4 3 2  25
        12  316  2 2 2 2 2 1 0 1  12
        13  317  1 1 1 1 0 1 1 1   7
        14  318  2 1 1 2 2 1 2 2  13
        15  319  2 2 1 2 1 2 1 2  13
        16  320  3 2 2 0 1 1 1 1  11
        17  321  2 2 1 2 3 2 1 0  13
        18  322  1 1 2 1 2 1 1 1  10
        19  323  1 2 1 2 1 1 0 1   9
        20  324  1 1 1 0 2 0 1 0   6
        21  325  1 1 1 1 1 1 0 1   7
        22  326  1 1 1 2 3 1 2 2  13
        23  327  1 2 4 4 4 4 4 3  26
        24  328  3 3 3 4 4 2 3 3  25
        25  329  2 2 2 2 3 5 4 3  23
        26  330  2 2 3 2 3 2 3 3  20
        27  331  1 2 2 3 2 3 3 2  18
        28  332  1 0 0 2 3 2 2 2  12
        29  333  1 2 2 2 1 1 2 2  13
        30  334  2 3 4 5 5 4 3 2  28
IRT
2006 12  1  335  2 0 1 2 2 2 2 2  13
         2  336  1 1 0 0 1 0 0 1   4
         3  337  1 1 1 1 1 2 1 1   9
         4  338  0 1 1 1 0 1 0 0   4
         5  339  1 0 0 1 1 2 1 2   8
         6  340  3 3 3 5 5 4 5 3  31
         7  341  3 4 3 4 5 4 2 3  28
         8  342  2 4 3 4 4 3 4 3  27
         9  343  2 2 2 0 2 3 3 4  18
        10  344  2 2 2 3 4 4 3 4  24
        11  345  2 3 3 2 2 2 2 4  20
        12  346  3 3 3 3 4 4 4 3  27
        13  347  2 3 2 1 1 1 1 2  13
        14  348  2 2 2 2 5 6 5 7  31
        15  349  7 6 5 5 5 5 3 3  39
        16  350  2 3 2 2 1 3 4 3  20
        17  351  2 2 2 1 1 2 2 1  13
        18  352  1 2 1 2 2 4 3 4  19
        19  353  3 3 2 4 4 3 3 3  25
        20  354  4 3 2 3 5 4 4 4  29
        21  355  3 3 3 3 4 3 2 2  23
        22  356  2 3 3 5 3 4 3 2  25
        23  357  2 3 3 3 4 4 4 2  25
        24  358  3 2 2 1 3 3 3 1  18
        25  359  3 2 2 2 2 3 1 2  17
        26  360  1 2 2 1 2 2 1 0  11
        27  361  0 1 1 0 1 1 1 0   5
        28  362  0 1 1 0 0 1 2 2   7
        29  363  1 0 1 1 1 1 2 1   8
        30  364  2 1 1 1 2 1 1 1  10
        31  365  1 0 1 1 0 1 1 1   6