        Observatory Irkutsk  Range for K=9 350nT
IRT
2009 01  1    1  2 1 3 3 3 3 0 1  16
         2    2  1 2 0 1 2 2 2 2  12
         3    3  2 3 3 4 2 3 1 1  19
         4    4  1 2 1 2 1 2 2 0  11
         5    5  1 1 2 2 1 3 2 2  14
         6    6  1 1 1 1 1 3 0 0   8
         7    7  0 0 1 1 0 2 0 0   4
         8    8  1 0 0 1 2 3 1 1   9
         9    9  1 2 1 1 3 2 2 1  13
        10   10  2 2 1 1 1 0 1 1   9
        11   11  1 1 0 0 0 1 0 0   3
        12   12  0 1 1 0 0 0 1 0   3
        13   13  0 1 2 1 2 2 1 1  10
        14   14  2 1 1 3 3 1 2 2  15
        15   15  2 1 2 2 2 2 3 2  16
        16   16  2 2 2 1 1 1 1 0  10
        17   17  2 1 2 1 1 1 1 0   9
        18   18  1 1 2 2 1 2 1 1  11
        19   19  3 2 2 2 1 3 3 2  18
        20   20  2 1 1 1 1 0 1 1   8
        21   21  1 2 1 1 2 3 2 1  13
        22   22  0 1 2 1 1 2 1 0   8
        23   23  2 1 1 1 1 0 0 1   7
        24   24  1 1 1 0 0 1 0 1   5
        25   25  1 1 1 1 1 1 0 2   8
        26   26  3 3 3 2 4 3 2 0  20
        27   27  0 1 2 1 1 2 3 2  12
        28   28  0 0 0 1 0 1 1 1   4
        29   29  1 1 2 2 1 1 1 0   9
        30   30  1 2 2 2 1 1 2 2  13
        31   31  2 1 3 2 3 2 3 2  18
IRT
2009 02  1   32  1 2 2 1 0 0 0 1   7
         2   33  1 1 1 0 0 1 0 0   4
         3   34  2 2 1 0 0 1 2 3  11
         4   35  3 2 2 3 4 3 3 2  22
         5   36  3 2 2 2 2 2 1 2  16
         6   37  1 2 2 0 0 0 0 1   6
         7   38  1 1 2 0 2 2 1 0   9
         8   39  1 1 1 1 0 1 0 1   6
         9   40  1 1 2 0 0 1 0 1   6
        10   41  1 1 1 0 1 1 1 1   7
        11   42  1 2 2 1 1 1 2 1  11
        12   43  2 2 0 2 2 2 1 0  11
        13   44  0 2 1 1 1 2 1 2  10
        14   45  2 3 4 3 5 3 1 2  23
        15   46  2 2 1 3 4 3 2 3  20
        16   47  2 2 1 0 1 2 1 1  10
        17   48  2 2 2 0 0 1 0 0   7
        18   49  2 2 1 0 1 2 2 1  11
        19   50  2 1 1 0 1 2 0 1   8
        20   51  2 2 2 1 1 2 2 3  15
        21   52  2 2 1 2 2 1 1 1  12
        22   53  2 2 2 2 2 0 1 2  13
        23   54  2 2 1 1 3 3 3 2  17
        24   55  2 3 3 1 1 1 1 1  13
        25   56  2 1 2 1 1 1 1 0   9
        26   57  2 2 2 1 1 1 1 2  12
        27   58  3 2 2 3 4 3 3 2  22
        28   59  3 3 2 1 0 1 1 2  13
IRT
2009 03  1   60  1 1 1 1 1 1 1 0   7
         2   61  1 1 1 0 0 0 0 0   3
         3   62  1 2 2 3 2 3 3 3  19
         4   63  1 1 2 2 3 2 3 3  17
         5   64  2 2 1 1 0 1 1 2  10
         6   65  1 2 2 1 0 0 0 0   6
         7   66  1 0 0 0 0 1 1 0   3
         8   67  1 2 3 3 3 3 1 0  16
         9   68  1 1 0 1 0 1 0 0   4
        10   69  1 2 1 1 2 2 2 0  11
        11   70  1 2 1 1 1 1 3 3  13
        12   71  3 2 2 2 1 1 2 3  16
        13   72  3 3 3 3 3 4 2 2  23
        14   73  2 2 3 3 2 3 3 3  21
        15   74  2 2 3 2 2 2 0 1  14
        16   75  2 2 3 2 1 3 2 0  15
        17   76  1 1 1 1 2 2 2 1  11
        18   77  2 2 1 1 1 1 0 0   8
        19   78  2 3 2 2 2 0 1 1  13
        20   79  2 3 1 1 0 3 2 2  14
        21   80  1 2 3 4 4 2 3 3  22
        22   81  2 2 2 1 0 0 2 2  11
        23   82  1 2 2 2 0 1 2 1  11
        24   83  2 3 2 2 3 2 2 2  18
        25   84  3 2 2 3 1 1 2 2  16
        26   85  2 3 2 2 2 1 1 1  14
        27   86  2 2 2 2 2 3 3 2  18
        28   87  2 2 2 2 0 0 2 2  12
        29   88  2 3 3 2 1 1 1 1  14
        30   89  2 2 2 2 1 1 2 0  12
        31   90  2 2 2 2 2 0 1 1  12
IRT
2009 04  1   91  2 3 2 1 1 0 2 1  12
         2   92  2 2 1 1 1 1 1 1  10
         3   93  1 1 1 0 1 1 1 1   7
         4   94  1 1 2 0 0 1 0 1   6
         5   95  2 2 2 2 1 1 1 1  12
         6   96  2 1 1 1 1 1 0 1   8
         7   97  2 2 2 1 1 1 0 1  10
         8   98  2 2 2 2 2 2 2 2  16
         9   99  3 3 3 3 2 3 3 2  22
        10  100  2 3 3 2 3 2 3 2  20
        11  101  3 2 2 2 3 4 2 2  20
        12  102  1 2 2 1 1 2 3 2  14
        13  103  2 2 1 1 0 1 1 1   9
        14  104  2 2 2 1 2 0 0 1  10
        15  105  1 1 2 2 2 2 2 1  13
        16  106  2 2 3 2 1 3 2 2  17
        17  107  2 2 2 2 2 2 1 3  16
        18  108  2 4 3 1 2 3 2 2  19
        19  109  2 2 2 1 1 1 1 1  11
        20  110  2 2 1 2 1 1 1 2  12
        21  111  2 2 2 3 0 1 1 2  13
        22  112  3 2 2 2 2 0 0 2  13
        23  113  2 2 2 1 0 1 1 1  10
        24  114  3 2 3 2 2 2 2 2  18
        25  115  3 2 2 2 1 2 1 2  15
        26  116  2 1 1 1 0 0 0 2   7
        27  117  3 1 2 1 1 0 1 1  10
        28  118  2 2 2 0 1 1 1 1  10
        29  119  2 2 2 2 2 1 1 1  13
        30  120  1 2 2 2 1 0 0 1   9
IRT
2009 05  1  121  1 1 1 2 1 1 0 1   8
         2  122  2 1 2 2 2 1 1 2  13
         3  123  2 1 1 1 1 1 0 2   9
         4  124  1 2 2 1 1 0 0 0   7
         5  125  1 1 2 1 1 1 0 1   8
         6  126  3 2 2 1 1 3 3 2  17
         7  127  2 3 1 2 2 1 2 3  16
         8  128  3 3 3 2 2 1 2 1  17
         9  129  1 2 3 2 2 2 1 1  14
        10  130  1 1 2 1 2 1 1 2  11
        11  131  3 2 2 2 2 2 1 1  15
        12  132  1 2 2 0 1 1 0 2   9
        13  133  1 2 1 1 1 2 1 1  10
        14  134  2 2 2 4 3 3 3 2  21
        15  135  2 1 2 1 1 0 0 1   8
        16  136  2 2 1 2 1 1 1 2  12
        17  137  1 1 0 1 0 0 0 1   4
        18  138  2 2 2 1 0 1 1 2  11
        19  139  2 1 2 2 1 0 1 1  10
        20  140  2 3 2 2 1 2 2 2  16
        21  141  2 2 1 2 2 1 0 2  12
        22  142  1 2 2 3 2 2 2 2  16
        23  143  2 1 1 2 1 2 1 2  12
        24  144  2 2 2 2 1 2 1 3  15
        25  145  2 2 2 2 1 1 1 3  14
        26  146  2 2 3 2 2 1 1 2  15
        27  147  2 2 2 2 0 1 1 2  12
        28  148  2 3 3 3 2 1 1 1  16
        29  149  2 2 2 2 2 2 1 1  14
        30  150  2 2 2 2 1 1 2 1  13
        31  151  2 3 2 2 1 1 2 2  15
IRT
2009 06  1  152  1 1 1 1 0 0 0 1   5
         2  153  2 3 2 2 1 1 1 2  14
         3  154  3 3 2 2 1 3 2 2  18
         4  155  2 2 3 2 2 2 1 2  16
         5  156  2 1 3 3 2 2 0 1  14
         6  157  1 1 2 1 1 0 1 1   8
         7  158  2 1 3 3 2 2 2 1  16
         8  159  2 2 2 1 0 2 0 1  10
         9  160  2 2 2 2 0 1 0 2  11
        10  161  1 2 2 1 1 1 0 2  10
        11  162  2 0 1 1 0 1 0 1   6
        12  163  1 2 1 2 0 0 0 1   7
        13  164  2 1 2 1 1 1 1 1  10
        14  165  2 1 2 3 3 1 2 2  16
        15  166  2 2 2 1 1 2 1 2  13
        16  167  2 1 2 2 3 1 1 1  13
        17  168  1 1 2 2 1 1 0 1   9
        18  169  2 2 2 2 1 1 1 2  13
        19  170  2 1 2 2 1 1 1 1  11
        20  171  2 3 3 2 2 2 2 2  18
        21  172  2 3 3 3 3 2 1 0  17
        22  173  2 2 1 2 1 1 1 1  11
        23  174  1 2 2 2 1 1 1 3  13
        24  175  3 4 5 3 2 3 4 2  26
        25  176  3 2 3 3 3 1 2 2  19
        26  177  2 2 2 2 1 1 1 1  12
        27  178  1 1 2 2 2 2 2 2  14
        28  179  2 3 2 2 3 3 4 4  23
        29  180  3 3 2 2 3 2 0 1  16
        30  181  2 2 2 2 0 2 1 1  12
IRT
2009 07  1  182  2 2 2 1 1 1 0 2  11
         2  183  2 1 2 2 1 0 1 1  10
         3  184  2 1 1 2 1 0 1 1   9
         4  185  1 1 2 1 1 1 2 1  10
         5  186  2 2 2 2 0 1 2 1  12
         6  187  3 3 2 1 1 1 1 1  13
         7  188  1 2 2 3 2 2 1 1  14
         8  189  3 3 2 2 2 2 2 1  17
         9  190  2 2 2 2 1 3 3 2  17
        10  191  2 3 2 3 2 2 1 2  17
        11  192  1 2 2 2 1 1 0 2  11
        12  193  2 2 3 2 1 1 1 1  13
        13  194  2 2 2 2 3 3 3 3  20
        14  195  4 3 2 2 2 1 1 1  16
        15  196  2 2 2 2 3 1 0 2  14
        16  197  2 2 1 1 0 0 0 1   7
        17  198  1 2 1 1 0 0 0 1   6
        18  199  0 1 1 1 1 0 0 1   5
        19  200  1 1 1 1 0 0 0 1   5
        20  201  2 2 2 3 3 3 1 1  17
        21  202  2 2 2 2 2 2 2 2  16
        22  203  3 4 4 5 2 2 2 2  24
        23  204  2 2 4 2 2 3 2 2  19
        24  205  3 2 2 2 2 2 1 2  16
        25  206  3 3 2 1 1 1 1 1  13
        26  207  2 3 2 1 2 1 0 1  12
        27  208  2 2 3 2 2 1 2 2  16
        28  209  1 2 1 2 1 1 1 1  10
        29  210  2 2 2 2 1 1 0 1  11
        30  211  1 1 2 3 2 2 2 1  14
        31  212  2 2 3 3 2 1 2 1  16
IRT
2009 08  1  213  1 1 2 2 2 2 1 1  12
         2  214  1 1 2 1 1 0 2 2  10
         3  215  2 2 2 1 2 2 1 1  13
         4  216  2 2 2 1 1 1 2 2  13
         5  217  2 3 2 3 3 2 0 2  17
         6  218  2 3 4 2 2 2 2 1  18
         7  219  1 1 2 1 1 0 2 2  10
         8  220  1 1 2 2 1 2 1 0  10
         9  221  2 3 2 3 3 1 2 2  18
        10  222  1 1 2 2 1 1 2 1  11
        11  223  1 2 2 2 0 2 1 2  12
        12  224  2 3 4 2 2 2 2 1  18
        13  225  1 2 2 2 1 1 1 1  11
        14  226  1 2 0 1 1 0 0 1   6
        15  227  2 1 1 2 1 1 0 0   8
        16  228  1 2 2 1 0 0 0 0   6
        17  229  2 2 1 1 2 2 2 1  13
        18  230  2 2 2 1 1 1 1 2  12
        19  231  2 1 1 3 4 3 3 2  19
        20  232  2 4 3 3 2 1 2 2  19
        21  233  2 2 3 2 3 3 2 2  19
        22  234  2 3 2 3 2 1 2 2  17
        23  235  2 3 3 2 1 2 1 2  16
        24  236  1 1 2 1 0 1 0 0   6
        25  237  1 2 1 2 1 1 1 2  11
        26  238  2 1 3 2 0 0 0 1   9
        27  239  1 2 2 2 2 3 3 1  16
        28  240  1 2 2 0 0 1 1 1   8
        29  241  2 2 2 2 1 1 1 1  12
        30  242  2 2 4 3 3 5 4 3  26
        31  243  3 2 3 3 2 2 2 0  17
IRT
2009 09  1  244  2 1 2 1 2 1 1 2  12
         2  245  2 2 1 1 1 2 1 3  13
         3  246  2 3 2 1 1 3 3 3  18
         4  247  3 3 3 2 1 3 3 3  21
         5  248  3 2 2 1 0 0 1 2  11
         6  249  2 2 2 1 1 0 1 2  11
         7  250  2 2 1 1 1 0 1 2  10
         8  251  2 2 2 1 0 1 1 2  11
         9  252  2 1 2 0 1 0 0 1   7
        10  253  2 2 1 1 2 1 1 0  10
        11  254  1 1 1 2 2 2 2 1  12
        12  255  0 2 1 1 1 1 0 0   6
        13  256  2 1 2 1 2 3 2 2  15
        14  257  3 2 2 2 1 3 2 1  16
        15  258  1 2 3 1 2 3 1 1  14
        16  259  2 2 3 3 1 1 2 1  15
        17  260  2 2 2 1 1 1 2 2  13
        18  261  2 3 2 1 1 1 1 2  13
        19  262  2 2 2 0 0 1 1 1   9
        20  263  1 1 1 1 2 1 2 2  11
        21  264  3 2 3 3 3 1 2 0  17
        22  265  2 1 2 2 2 1 1 1  12
        23  266  1 1 1 1 0 0 0 0   4
        24  267  1 1 0 0 0 0 0 1   3
        25  268  2 1 2 1 1 0 0 1   8
        26  269  2 2 2 1 1 1 2 3  14
        27  270  3 2 3 2 2 2 2 1  17
        28  271  0 3 4 2 2 1 2 3  17
        29  272  1 0 1 1 1 1 0 0   5
        30  273  2 2 2 2 3 2 2 2  17
IRT
2009 10  1  274  2 2 1 1 0 1 1 0   8
         2  275  1 1 1 1 0 0 0 0   4
         3  276  0 0 1 0 0 0 1 0   2
         4  277  1 2 2 3 2 1 1 1  13
         5  278  2 1 1 0 0 2 0 0   6
         6  279  1 2 1 1 0 0 1 0   6
         7  280  1 2 1 1 0 2 2 1  10
         8  281  1 1 1 1 0 0 1 1   6
         9  282  1 2 1 1 2 1 1 0   9
        10  283  0 0 1 1 1 0 0 0   3
        11  284  3 3 5 2 2 2 2 1  20
        12  285  1 1 2 0 1 0 1 0   6
        13  286  1 2 2 1 1 2 2 1  12
        14  287  1 1 2 1 0 0 0 0   5
        15  288  0 1 2 2 2 3 3 1  14
        16  289  2 1 1 0 0 1 1 0   6
        17  290  1 0 1 1 0 0 0 0   3
        18  291  1 1 1 1 2 1 1 0   8
        19  292  0 2 2 1 2 2 0 0   9
        20  293  0 1 1 0 0 0 0 0   2
        21  294  1 1 2 0 1 1 0 0   6
        22  295  2 2 2 3 4 2 4 3  22
        23  296  3 3 2 3 3 2 1 1  18
        24  297  1 2 1 1 3 3 4 3  18
        25  298  3 1 2 2 3 2 1 0  14
        26  299  1 1 3 2 1 2 2 1  13
        27  300  1 1 1 1 2 1 1 0   8
        28  301  1 2 2 3 1 1 1 0  11
        29  302  1 1 1 2 3 2 2 1  13
        30  303  2 3 3 3 2 2 1 0  16
        31  304  1 0 1 0 1 1 2 2   8
IRT
2009  11 1  305  1 2 1 2 0 2 1 0   9
         2  306  1 1 3 2 1 2 1-1  -1
         3  307  0 2 1 0 1 0 1 0   5
         4  308  0 0 0 0 0 1 1 0   2
         5  309  1 1 1 0 0 0 0 0   3
         6  310  1 1 0 0 0 0 0 0   2
         7  311  0 1 1 0 0 0 0 1   3
         8  312  2 2 2 3 3 2 2 3  19
         9  313  3 2 4 2 0 1 0 0  12
        10  314  2 2 2 0 0 0 0 1   7
        11  315  2 2 3 1 1 0 0 0   9
        12  316  1 1 2 0 1 0 0 1   6
        13  317  1 1 2 0 0 1 1 1   7
        14  318  2 2 3 2 1 1 1 3  15
        15  319  2 2 1 1 3 4 2 0  15
        16  320  2 2 2 0 1 1 2 0  10
        17  321  2 2 2 0 0 0 0 0   6
        18  322  2 2 3 1 1 1 0 2  12
        19  323  2 2 2 1 1 2 1 2  13
        20  324  2 2 2 1 1 1 1 1  11
        21  325  3 3 3 2 2 1 2 2  18
        22  326  3 2 2 0 2 2 2 1  14
        23  327  2 3 3 0 1 0 0 0   9
        24  328  3 3 2 1 3 4 4 3  23
        25  329  1 3 3 2 2 1 1 1  14
        26  330  2 3 2 3 2 3 2 1  18
        27  331  2 3 3 1 1 1 1 0  12
        28  332  2 3 3 2 1 2 1 0  14
        29  333  2 2 3 0 0 1 1 0   9
        30  334  2 3 2 1 2 0 0 0  10
IRT
2009  12 1  335  1 2 1 0 0 0 0 0   4
         2  336  2 2 1 1 0 0 1 0   7
         3  337  2 2 2 0 0 1 0 0   7
         4  338  2 2 2 0 0 0 0 0   6
         5  339  2 2 2 2 1 1 3 2  15
         6  340  2 2 2 1 0 0 1 1   9
         7  341  2 2 2 1 2 2 2 1  14
         8  342  1 2 2 0 0 0 0 1   6
         9  343  1 2 1 0 0 0 0 0   4
        10  344  1 1 2 1 0 1 0 0   6
        11  345  0 1 1 0 0 0 0 0   2
        12  346  0 1 2 0 1 1 2 1   8
        13  347  1 1 2 2 2 1 1 1  11
        14  348  1 2 3 2 0 2 1 0  11
        15  349  1 1 1 1 0 2 2 1   9
        16  350  1 2 2 1 1 3 2 1  13
        17  351  1 2 2 1 2 2 1 1  12
        18  352  1 1 2 2 1 2 1 1  11
        19  353  2 1 2 0 1 0 0 0   6
        20  354  2 2 1 1 1 2 1 0  10
        21  355  1 2 2 1 0 1 2 1  10
        22  356  0 1 0 1 0 1 2 1   6
        23  357  1 2 2 1 1 1 2 1  11
        24  358  1 1 1 0 0 0 0 1   4
        25  359  1 1 0 1 2 1 2 2  10
        26  360  1 1 2 0 1 2 1 0   8
        27  361  1 0 2 1 2 1 1 0   8
        28  362  0 0 0 1 0 1 0 0   2
        29  363  1 1 0 0 0 1 0 0   3
        30  364  0 1 1 0 0 0 0 0   2
        31  365  1 1 1 1 1 1 0 0   6