        Observatory Irkutsk  Range for K=9 350nT
IRT
2007 01  1    1  2 1 1 4 4 3 2 1  18
         2    2  4 3 2 5 5 4 3 3  29
         3    3  3 3 3 4 5 4 3 3  28
         4    4  3 3 4 3 4 3 3 3  26
         5    5  2 3 3 3 4 3 2 2  22
         6    6  2 2 2 1 2 3 1 1  14
         7    7  2 2 2 1 2 1 1 1  12
         8    8  2 2 1 1 2 2 1 1  12
         9    9  2 2 2 1 2 3 2 0  14
        10   10  1 2 1 3 2 4 2 1  16
        11   11  2 2 2 1 2 2 3 1  15
        12   12  2 1 1 1 0 1 0 0   6
        13   13  1 1 0 0 0 0 0 0   2
        14   14  1 2 1 1 2 1 2 2  12
        15   15  2 2 2 3 5 3 3 1  21
        16   16  1 3 2 2 3 3 4 3  21
        17   17  3 4 3 3 4 3 5 3  28
        18   18  2 2 3 4 4 4 3 4  26
        19   19  3 3 1 2 3 2 2 2  18
        20   20  2 1 2 3 2 3 2 2  17
        21   21  2 3 2 2 3 3 3 0  18
        22   22  1 0 1 2 1 2 2 0   9
        23   23  1 1 1 1 2 2 1 0   9
        24   24  1 2 2 1 1 2 2 0  11
        25   25  2 1 1 1 2 2 2 2  13
        26   26  1 1 1 2 2 1 0 1   9
        27   27  1 1 1 1 1 0 1 1   7
        28   28  2 2 1 1 1 1 2 1  11
        29   29  3 2 3 2 6 6 5 4  31
        30   30  3 3 3 4 5 4 3 3  28
        31   31  3 3 2 3 4 4 4 2  25
IRT
2007 02  1   32  3 2 3 3 2 2 3 3  21
         2   33  2 2 1 1 1 2 2 1  12
         3   34  2 2 2 1 0 0 0 0   7
         4   35  1 2 2 1 1 0 0 1   8
         5   36  1 2 1 2 3 2 2 2  15
         6   37  1 2 3 2 1 2 2 1  14
         7   38  3 2 3 3 3 3 4 3  24
         8   39  2 2 2 2 2 3 1 1  15
         9   40  2 2 2 1 0 2 2 1  12
        10   41  1 1 0 1 0 2 2 1   8
        11   42  0 1 2 1 0 1 2 2   9
        12   43  0 1 2 2 3 3 2 2  15
        13   44  3 2 3 2 1 4 4 4  23
        14   45  4 3 2 3 3 3 4 2  24
        15   46  1 3 1 3 3 3 3 2  19
        16   47  2 3 2 1 3 3 3 3  20
        17   48  2 3 2 2 3 3 1 2  18
        18   49  2 0 1 2 2 3 2 2  14
        19   50  1 2 1 1 1 2 1 1  10
        20   51  1 1 2 1 0 2 0 0   7
        21   52  1 2 2 0 1 0 0 0   6
        22   53  2 1 1 0 2 2 1 1  10
        23   54  1 2 2 1 1 1 1 1  10
        24   55  0 1 1 1 1 1 1 0   6
        25   56  1 1 1 0 1 2 3 1  10
        26   57  2 3 2 2 0 0 0 0   9
        27   58  2 2 3 2 1 4 4 4  22
        28   59  3 4 4 4 3 4 3 3  28
IRT
2007 03  1   60  3 3 2 3 3 2 1 0  17
         2   61  2 2 2 2 2 1 2 1  14
         3   62  1 2 1 1 1 1 0 0   7
         4   63  0 1 2 1 1 0 2 3  10
         5   64  2 1 2 3 2 2 4 2  18
         6   65  3 4 2 4 3 1 1 3  21
         7   66  3 3 3 3 3 3 3 2  23
         8   67  2 2 2 1 0 1 2 1  11
         9   68  2 2 2 1 1 1 2 2  13
        10   69  3 2 2 2 1 1 3 1  15
        11   70  1 1 1 4 4 4 4 2  21
        12   71  2 2 2 3 3 3 4 4  23
        13   72  4 3 3 4 4 3 3 3  27
        14   73  2 2 2 2 3 3 2 1  17
        15   74  2 2 2 3 3 3 3 3  21
        16   75  2 2 1 2 3 1 1 3  15
        17   76  2 2 2 3 3 2 2 1  17
        18   77  0 2 2 1 1 2 0 1   9
        19   78  1 1 1 1 0 1 0 1   6
        20   79  1 2 2 1 2 1 1 0  10
        21   80  1 2 1 1 1 1 0 0   7
        22   81  2 2 2 2 1 2 2 1  14
        23   82  1 2 2 3 3 3 2 3  19
        24   83  3 4 4 4 4 2 2 2  25
        25   84  2 3 2 4 3 2 2 2  20
        26   85  1 1 2 2 2 5 3 1  17
        27   86  1 3 3 4 2 3 3 2  21
        28   87  2 2 1 2 1 1 2 2  13
        29   88  2 3 2 2 1 1 1 1  13
        30   89  2 2 2 3 3 0 1 1  14
        31   90  1 1 1 1 2 1 2 2  11
IRT
2007 04  1   91  4 3 4 3 4 4 4 4  30
         2   92  3 4 4 4 4 3 3 3  28
         3   93  2 3 2 2 1 4 3 2  19
         4   94  2 3 2 3 2 2 2 2  18
         5   95  2 1 2 1 1 2 1 2  12
         6   96  2 1 2 1 1 1 1 2  11
         7   97  1 1 1 1 1 1 0 1   7
         8   98  0 1 1 1 1 2 0 3   9
         9   99  4 3 4 3 1 1 1 1  18
        10  100  1 1 1 2 2 3 2 2  14
        11  101  1 2 2 1 0 1 0 1   8
        12  102  3 2 2 3 4 3 2 1  20
        13  103  1 2 1 0 0 0 0 1   5
        14  104  0 2 1 1 2 1 1 3  11
        15  105  2 1 3 2 1 1 1 0  11
        16  106  0 2 1 1 1 1 0 2   8
        17  107  2 3 3 4 4 3 3 2  24
        18  108  2 2 1 1 2 1 3 3  15
        19  109  2 1 2 2 2 2 1 2  14
        20  110  2 3 1 1 0 1 1 1  10
        21  111  1 1 2 1 0 1 1 1   8
        22  112  2 2 2 3 3 3 2 1  18
        23  113  4 4 4 2 1 2 0 1  18
        24  114  2 2 2 2 1 1 2 2  14
        25  115  3 3 2 1 2 2 1 2  16
        26  116  2 3 2 2 3 3 3 1  19
        27  117  3 3 2 4 3 3 3 4  25
        28  118  4 4 3 4 4 4 3 3  29
        29  119  3 3 4 3 3 2 3 3  24
        30  120  2 3 3 3 2 2 1 2  18
IRT
2007 05  1  121  3 3 2 2 1 1 2 2  16
         2  122  2 2 2 2 1 1 1 1  12
         3  123  2 2 1 2 1 2 2 1  13
         4  124  1 1 0 2 1 1 1 1   8
         5  125  1 2 1 1 0 0 1 1   7
         6  126  1 2 1 1 0 0 0 1   6
         7  127  3 3 3 3 3 4 3 3  25
         8  128  2 3 3 3 3 3 3 2  22
         9  129  2 2 3 2 2 2 1 2  16
        10  130  2 1 1 1 0 1 3 1  10
        11  131  2 2 2 2 2 2 1 1  14
        12  132  3 2 2 2 1 0 0 1  11
        13  133  2 2 2 2 1 2 1 1  13
        14  134  1 3 2 2 0 2 2 2  14
        15  135  2 2 2 2 2 1 1 0  12
        16  136  2 1 2 2 1 0 1 2  11
        17  137  2 2 2 1 2 1 1 2  13
        18  138  2 2 4 4 3 3 3 3  24
        19  139  2 2 3 3 2 3 3 2  20
        20  140  2 2 2 3 1 1 2 2  15
        21  141  2 2 1 1 1 2 2 3  14
        22  142  2 2 3 3 3 2 3 3  21
        23  143  3 4 4 5 4 2 4 5  31
        24  144  4 3 4 2 3 4 3 3  26
        25  145  2 3 3 3 3 3 3 2  22
        26  146  3 2 3 4 4 3 2 2  23
        27  147  2 2 3 3 2 3 3 2  20
        28  148  2 2 2 2 2 0 0 1  11
        29  149  1 1 2 2 2 1 1 2  12
        30  150  2 2 1 2 1 0 0 1   9
        31  151  2 1 1 1 0 2 1 2  10
IRT
2007 06  1  152  2 2 3 3 1 2 2 3  18
         2  153  2 2 3 3 2 2 2 2  18
         3  154  3 2 3 1 1 3 3 2  18
         4  155  2 3 2 3 2 2 2 1  17
         5  156  1 1 1 1 1 1 1 1   8
         6  157  2 2 2 1 1 1 0 1  10
         7  158  2 2 2 1 1 1 2 2  13
         8  159  2 3 2 2 2 3 2 3  19
         9  160  2 3 3 3 3 2 2 2  20
        10  161  3 3 4 3 2 1 2 1  19
        11  162  1 1 2 1 1 1 1 1   9
        12  163  3 3 3 2 1 1 1 2  16
        13  164  2 2 2 2 1 3 3 2  17
        14  165  3 4 3 4 2 3 3 3  25
        15  166  2 3 3 2 3 2 1 2  18
        16  167  3 3 2 1 3 2 2 1  17
        17  168  3 2 2 2 2 2 1 1  15
        18  169  2 2 2 2 1 3 3 1  16
        19  170  2 3 3 2 1 2 1 1  15
        20  171  2 1 2 2 1 1 0 1  10
        21  172  2 2 3 4 4 3 3 3  24
        22  173  3 2 3 4 2 2 2 3  21
        23  174  3 2 3 1 1 1 2 2  15
        24  175  2 2 3 2 2 2 2 2  17
        25  176  3 1 3 2 1 2 2 2  16
        26  177  3 3 2 2 2 1 2 2  17
        27  178  2 2 2 1 1 1 1 2  12
        28  179  2 1 2 2 2 1 1 2  13
        29  180  3 2 2 2 3 3 3 3  21
        30  181  3 3 2 2 1 1 1 2  15
IRT
2007 07  1  182  2 2 2 2 2 1 1 1  13
         2  183  2 1 2 2 1 1 0 1  10
         3  184  1 1 2 2 2 3 2 3  16
         4  185  3 4 4 4 3 3 3 1  25
         5  186  2 2 2 2 2 1 1 2  14
         6  187  2 1 2 2 3 2 2 2  16
         7  188  2 3 3 1 2 2 2 2  17
         8  189  2 2 1 1 2 1 2 2  13
         9  190  2 3 3 2 2 1 1 1  15
        10  191  2 2 2 2 1 2 3 3  17
        11  192  4 5 5 5 2 4 2 2  29
        12  193  3 3 2 2 2 2 3 1  18
        13  194  3 2 2 2 1 1 2 2  15
        14  195  1 2 3 4 3 4 5 3  25
        15  196  3 3 3 2 2 1 2 1  17
        16  197  2 2 1 2 1 1 1 1  11
        17  198  2 1 2 1 1 0 1 2  10
        18  199  1 1 1 1 0 0 0 1   5
        19  200  2 2 1 1 1 0 0 1   8
        20  201  2 2 3 4 5 3 2 3  24
        21  202  3 3 2 2 3 2 3 2  20
        22  203  2 3 2 2 1 1 1 1  13
        23  204  1 3 2 2 1 1 2 1  13
        24  205  2 2 2 2 2 1 1 1  13
        25  206  2 2 1 3 1 0 1 2  12
        26  207  1 2 2 3 3 4 3 3  21
        27  208  3 2 3 2 3 1 1 3  18
        28  209  3 2 2 2 2 1 1 2  15
        29  210  3 3 3 4 3 3 2 3  24
        30  211  3 3 3 3 3 2 2 1  20
        31  212  2 2 3 2 3 2 1 2  17
IRT
2007 08  1  213  3 4 4 3 3 3 3 3  26
         2  214  2 2 3 2 2 2 2 2  17
         3  215  2 2 2 2 1 1 1 1  12
         4  216  1 2 2 1 0 0 0 1   7
         5  217  2 1 2 1 1 1 2 2  12
         6  218  2 2 3 3 2 3 3 4  22
         7  219  4 4 3 3 4 4 3 3  28
         8  220  2 3 2 2 1 1 1 2  14
         9  221  2 2 2 2 0 1 1 2  12
        10  222  1 2 2 3 4 5 4 2  23
        11  223  3 3 3 2 3 3 3 3  23
        12  224  2 2 2 4 3 1 1 1  16
        13  225  2 2 1 1 0 1 0 1   8
        14  226  1 2 2 2 2 1 1 2  13
        15  227  3 2 2 2 3 3 2 2  19
        16  228  2 2 2 3 1 1 2 1  14
        17  229  2 1 2 1 1 1 2 1  11
        18  230  1 1 1 1 1 1 1 1   8
        19  231  1 2 2 2 3 2 1 1  14
        20  232  3 2 1 1 1 1 0 1  10
        21  233  2 2 2 2 2 1 1 2  14
        22  234  2 2 3 2 3 2 1 0  15
        23  235  1 1 1 1 1 0 1 1   7
        24  236  0 2 2 2 0 0 0 1   7
        25  237  2 2 2 3 3 2 2 1  17
        26  238  2 1 2 2 2 3 3 3  18
        27  239  3 2 4 2 2 2 4 3  22
        28  240  3 2 2 4 3 1 2 2  19
        29  241  1 1 2 1 2 2 2 2  13
        30  242  2 3 3 2 1 0 1 1  13
        31  243  2 2 2 2 1 2 3 3  17
IRT
2007 09  1  244  1 2 3 3 3 3 3 2  20
         2  245  3 3 3 4 4 3 4 3  27
         3  246  3 3 3 3 3 3 2 2  22
         4  247  2 2 2 3 2 1 1 1  14
         5  248  2 3 3 3 3 2 3 1  20
         6  249  2 2 2 3 2 3 3 4  21
         7  250  3 3 2 2 3 3 2 2  20
         8  251  2 2 3 2 2 2 2 1  16
         9  252  1 2 1 2 1 1 0 1   9
        10  253  1 0 1 1 1 2 2 1   9
        11  254  1 1 1 1 1 1 1 1   8
        12  255  1 1 2 1 1 0 0 0   6
        13  256  1 1 1 1 1 0 2 1   8
        14  257  1 1 2 1 2 3 3 2  15
        15  258  2 2 2 1 1 1 2 2  13
        16  259  1 1 1 1 1 1 1 0   7
        17  260  0 0 0 0 1 0 1 1   3
        18  261  3 2 2 1 2 0 0 0  10
        19  262  1 2 3 2 2 1 1 1  13
        20  263  2 2 2 3 3 3 3 3  21
        21  264  2 2 2 2 3 3 3 3  20
        22  265  3 3 2 2 3 3 3 3  22
        23  266  3 5 3 3 2 2 2 3  23
        24  267  3 3 3 2 3 2 2 2  20
        25  268  3 3 2 2 1 2 3 2  18
        26  269  2 2 1 2 0 0 1 1   9
        27  270  1 1 1 3 1 6 4 3  20
        28  271  3 3 4 3 2 3 4 4  26
        29  272  3 3 4 4 4 3 3 3  27
        30  273  2 4 3 3 2 2 2 1  19
IRT
2007 10  1  274  2 3 2 3 3 2 1 2  18
         2  275  2 1 2 2 1 1 2 3  14
         3  276  3 2 3 2 4 3 3 3  23
         4  277  3 3 2 2 3 3 3 1  20
         5  278  3 3 2 2 2 2 2 0  16
         6  279  1 2 1 2 2 2 0 1  11
         7  280  1 2 1 1 2 1 0 1   9
         8  281  0 1 1 1 0 0 0 1   4
         9  282  1 1 0 1 1 0 0 0   4
        10  283  0 2 1 0 1 0 0 0   4
        11  284  1 0 1 0 0 0 1 1   4
        12  285  2 2 2 1 1 2 2 2  14
        13  286  1 2 0 1 1 0 1 2   8
        14  287  1 1 2 2 3 1 1 0  11
        15  288  2 2 1 1 1 1 1 1  10
        16  289  1 1 1 1 2 2 1 0   9
        17  290  1 0 1 0 0 1 0 0   3
        18  291  1 2 3 3 2 2 3 3  19
        19  292  3 2 3 3 5 4 4 3  27
        20  293  3 3 3 3 2 3 2 0  19
        21  294  1 2 1 1 1 2 2 1  11
        22  295  1 3 1 1 1 3 3 2  15
        23  296  3 2 2 2 2 2 3 1  17
        24  297  3 2 2 1 2 2 1 1  14
        25  298  2 3 2 3 4 5 4 4  27
        26  299  3 3 2 3 4 4 4 2  25
        27  300  2 3 3 4 4 3 2 2  23
        28  301  2 3 2 3 3 3 2 1  19
        29  302  3 3 3 2 3 2 5 5  26
        30  303  3 3 2 2 2 3 1 2  18
        31  304  2 2 3 2 3 2 2 1  17
IRT
2007 11  1  305  2 1 1 0 1 2 2 0   9
         2  306  1 1 2 1 0 0 0 0   5
         3  307  1 0 2 1 2 1 0 1   8
         4  308  1 2 1 1 2 3 3 2  15
         5  309  1 1 1 2 1 0 0 0   6
         6  310  0 1 1 0 1 1 0 0   4
         7  311  1 1 0 1 0 0 0 1   4
         8  312  0 0 1 0 1 2 1 1   6
         9  313  1 1 1 1 2 2 1 1  10
        10  314  2 1 1 2 2 2 0 1  11
        11  315  1 1 1 1 2 1 1 1   9
        12  316  1 1 0 0 1 1 3 2   9
        13  317  3 2 2 3 3 2 3 2  20
        14  318  2 2 2 2 3 3 2 2  18
        15  319  1 1 1 1 2 2 3 3  14
        16  320  1 1 2 2 2 3 2 3  16
        17  321  3 3 3 1 2 2 2 0  16
        18  322  1 1 0 0 1 2 0 0   5
        19  323  1 0 1 1 0 0 3 2   8
        20  324  3 2 2 5 6 5 3 4  30
        21  325  3 3 3 4 3 3 1 2  22
        22  326  2 2 1 2 3 5 5 3  23
        23  327  3 2 2 3 4 2 2 1  19
        24  328  2 2 2 3 3 4 4 3  23
        25  329  2 2 3 3 3 4 2 3  22
        26  330  2 2 2 3 2 1 1 2  15
        27  331  2 2 2 2 2 2 1 1  14
        28  332  2 2 1 2 2 3 1 2  15
        29  333  1 2 1 1 2 3 1 1  12
        30  334  1 2 1 1 1 3 2 1  12
IRT
2007 12  1  335  2 2 2 2 1 0 1 1  11
         2  336  0 2 2 1 1 1 1 1   9
         3  337  0 1 1 0 0 0 1 0   3
         4  338  1 0 0 1 1 1 1 1   6
         5  339  1 1 2 1 2 1 0 0   8
         6  340  1 1 1 1 1 1 0 1   7
         7  341  0 2 2 1 1 1 1 0   8
         8  342  1 1 2 1 2 0 1 0   8
         9  343  1 2 1 0 2 2 3 1  12
        10  344  2 2 1 2 3 3 3 4  20
        11  345  3 2 2 3 4 3 3 3  23
        12  346  2 2 2 3 2 1 2 2  16
        13  347  1 2 1 2 2 2 2 1  13
        14  348  0 1 1 3 1 2 2 0  10
        15  349  0 1 1 2 1 2 0 1   8
        16  350  1 1 1 1 1 2 1 2  10
        17  351  2 4 5 4 5 4 3 4  31
        18  352  3 2 2 4 4 4 3 4  26
        19  353  2 2 2 2 3 1 2 2  16
        20  354  2 3 3 2 3 5 3 3  24
        21  355  2 2 2 3 3 4 3 1  20
        22  356  2 1 1 2 3 3 3 2  17
        23  357  2 2 2 3 3 2 1 3  18
        24  358  2 2 2 1 1 1 1 1  11
        25  359  1 1 1 1 1 1 0 1   7
        26  360  1 1 1 1 1 1 0 1   7
        27  361  1 2 1 2 2 2 2 2  14
        28  362  2 2 1 1 0 1 1 1   9
        29  363  1 2 2 0 1 1 1 2  10
        30  364  2 2 1 1 2 2 1 0  11
        31  365  1 1 1 1 2 2 2 2  12