        Observatory Irkutsk  Range for K=9 350nT
IRT
2008 01  1    1  1 2 2 1 1 1 0 0   8
         2    2  1 2 1 2 0 1 1 1   9
         3    3  1 1 1 1 0 0 0 0   4
         4    4  1 1 1 1 1 1 1 3  10
         5    5  3 2 4 4 4 3 4 4  28
         6    6  3 3 3 3 4 4 4 3  27
         7    7  3 3 3 4 4 2 1 2  22
         8    8  1 2 3 3 3 3 4 3  22
         9    9  3 2 3 2 3 1 1 2  17
        10   10  1 1 1 2 2 2 1 1  11
        11   11 -1-1-1-1-1-1-1-1  -1
        12   12 -1-1-1-1-1-1-1-1  -1
        13   13  2 1 2 1 3 4 4 2  19
        14   14 -1-1-1-1-1-1-1-1  -1
        15   15 -1-1-1-1-1-1-1-1  -1
        16   16  2 3 3 4 3 3 3 2  23
        17   17  3 2 2 3 3 3 3 3  22
        18   18  3 3 2 2 3 3 2 2  20
        19   19  2 2 2 4 4 4 2 2  22
        20   20  2 2 2 2 2 1 2 2  15
        21   21  2 2 2 2 2 2 2 2  16
        22   22  1 2 1 0 1 1 1 0   7
        23   23  1 1 2 2 2 2 3 2  15
        24   24  1 2 2 2 3 2 3 2  17
        25   25  2 3 3 3 1 1 3 2  18
        26   26  2 2 2 2 3 3 2 1  17
        27   27  1 1 0 0 1 2 3 2  10
        28   28  0 1 1 2 2 1 2 2  11
        29   29  2 2 2 2 1 1 0 0  10
        30   30  2 2 2 1 0 0 0 0   7
        31   31  1 1 2 2 2 3 4 3  18
IRT
2008 02  1   32  3 2 3 3 2 4 4 4  25
         2   33  3 3 2 2 4 2 3 2  21
         3   34  2 3 3 4 3 4 3 3  25
         4   35  2 3 2 3 3 3 2 2  20
         5   36  1 2 2 1 2 2 2 1  13
         6   37  1 2 2 1 1 2 3 2  14
         7   38  1 1 2 1 1 3 2 2  13
         8   39  2 2 2 2 2 2 2 2  16
         9   40  1 1 1 1 2 2 2 1  11
        10   41  1 3 3 4 5 5 3 4  28
        11   42  3 2 3 4 4 3 2 2  23
        12   43  2 2 2 4 4 3 3 3  23
        13   44  2 1 3 2 5 3 2 1  19
        14   45  2 2 3 2 4 2 4 3  22
        15   46  2 2 3 4 4 3 2 2  22
        16   47  2 2 2 3 3 2 3 0  17
        17   48  1 1 2 2 3 1 1 0  11
        18   49  1 1 2 3 5 3 3 3  21
        19   50  3 3 3 3 4 3 2 2  23
        20   51  1 2 2 2 1 3 0 1  12
        21   52  0 1 1 3 3 3 2 0  13
        22   53  1 1 2 1 3 1 1 1  11
        23   54  2 2 2 2 3 3 3 1  18
        24   55  2 2 2 1 1 2 2 1  13
        25   56  2 2 2 2 1 1 0 0  10
        26   57  2 2 2 1 2 1 2 2  14
        27   58  2 2 2 2 2 3 4 3  20
        28   59  3 3 3 4 3 4 4 5  29
        29   60  3 3 3 4 3 5 4 4  29
IRT
2008 03  1   61  4 3 3 4 4 4 3 2  27
         2   62  2 2 3 2 3 4 2 3  21
         3   63  1 1 1 2 1 2 1 1  10
         4   64  1 1 1 1 2 0 0 1   7
         5   65  1 2 2 3 4 3 3 2  20
         6   66  1 1 1 1 0 2 1 1   8
         7   67  1 0 1 0 0 1 1 1   5
         8   68  1 1 2 2 4 4 4 2  20
         9   69  4 4 4 3 4 4 3 3  29
        10   70  3 3 2 3 4 4 3 3  25
        11   71  2 3 4 4 4 4 2 2  25
        12   72  1 3 3 3 3 2 4 3  22
        13   73  3 3 2 4 4 3 2 2  23
        14   74  2 2 3 3 3 3 3 3  22
        15   75  3 3 2 4 3 3 2 2  22
        16   76  2 3 2 1 3 2 2 2  17
        17   77  2 2 2 1 1 3 2 2  15
        18   78  3 3 1 1 2 2 1 1  14
        19   79  2 3 2 1 4 3 3 3  21
        20   80  2 3 2 3 4 2 2 2  20
        21   81  3 3 1 2 1 2 3 2  17
        22   82  2 3 2 1 2 1 2 3  16
        23   83  4 3 3 3 2 2 2 2  21
        24   84  2 2 1 1 1 1 1 1  10
        25   85  3 2 1 2 1 2 1 2  14
        26   86  3 3 4 4 4 4 5 4  31
        27   87  4 4 3 4 4 4 4 4  31
        28   88  4 3 4 4 5 3 3 3  29
        29   89  2 2 2 3 3 2 2 3  19
        30   90  3 3 2 2 3 2 1 2  18
        31   91  2 2 2 1 2 1 2 2  14
IRT
2008 04  1   92  2 2 2 2 2 2 1 1  14
         2   93  1 1 2 2 0 1 2 1  10
         3   94  2 1 1 1 1 1 0 1   8
         4   95  1 2 1 1 3 3 3 3  17
         5   96  2 2 1 3 3 4 4 3  22
         6   97  3 4 3 3 4 2 3 2  24
         7   98  2 3 2 2 2 4 3 3  21
         8   99  1 2 2 3 4 2 3 2  19
         9  100  3 3 3 4 4 2 2 3  24
        10  101  3 2 2 2 3 2 2 2  18
        11  102  1 2 2 3 3 2 1 1  15
        12  103  2 3 3 3 4 1 3 2  21
        13  104  1 2 2 3 3 4 2 1  18
        14  105  1 2 0 2 0 1 1 1   8
        15  106  1 1 2 1 2 2 2 2  13
        16  107  3 1 3 3 3 3 4 2  22
        17  108  3 2 1 2 2 3 2 1  16
        18  109  2 3 2 2 1 2 2 2  16
        19  110  2 2 2 2 1 1 2 2  14
        20  111  2 2 2 2 1 3 2 1  15
        21  112  2 1 1 1 0 1 0 0   6
        22  113  1 1 2 2 1 3 3 2  15
        23  114  3 4 5 4 4 4 4 3  31
        24  115  3 4 3 4 3 2 2 2  23
        25  116  2 2 3 3 2 2 2 1  17
        26  117  2 2 3 2 2 3 2 3  19
        27  118  2 3 2 2 2 3 1 2  17
        28  119  2 2 4 3 3 3 4 3  24
        29  120  3 3 2 1 2 1 1 2  15
        30  121  1 2 1 2 1 4 5 2  18
IRT
2008 05  1  122  1 3 2 2 1 2 2 3  16
         2  123  4 3 3 1 3 1 1 2  18
         3  124  3 2 3 3 3 2 3 2  21
         4  125  3 3 3 3 2 2 2 2  20
         5  126  2 2 4 2 3 3 3 2  21
         6  127  4 3 3 3 2 1 2 2  20
         7  128  2 2 2 1 1 1 2 2  13
         8  129  2 2 2 2 2 1 1 1  13
         9  130  2 3 2 2 1 1 1 1  13
        10  131  2 2 2 1 1 1 2 2  13
        11  132  2 1 1 2 2 1 2 1  12
        12  133  1 1 2 0 1 1 1 1   8
        13  134  1 2 2 1 1 1 1 0   9
        14  135  0 1 1 2 1 0 1 0   6
        15  136  1 1 2 2 1 1 1 2  11
        16  137  2 1 2 3 2 1 1 2  14
        17  138  2 1 1 1 0 0 0 1   6
        18  139  2 2 2 2 2 1 1 2  14
        19  140  2 3 2 3 2 2 2 1  17
        20  141  2 3 3 2 3 2 3 3  21
        21  142  3 2 3 3 2 3 1 2  19
        22  143  2 2 3 2 2 3 3 2  19
        23  144  2 3 1 2 3 2 3 2  18
        24  145  3 2 2 2 3 2 1 2  17
        25  146  2 2 3 2 2 3 1 1  16
        26  147  2 2 2 2 0 0 1 1  10
        27  148  1 2 2 2 1 1 2 2  13
        28  149  3 3 4 3 3 2 1 2  21
        29  150  2 2 3 2 3 2 2 2  18
        30  151  3 2 2 2 2 4 3 1  19
        31  152  2 2 3 3 3 2 2 2  19
IRT
2008 06  1  153  2 2 2 2 2 2 1 1  14
         2  154  2 1 2 2 2 1 1 2  13
         3  155  2 2 1 2 1 2 2 2  14
         4  156  2 1 2 1 1 1 0 1   9
         5  157  0 1 1 2 1 1 0 1   7
         6  158  1 2 2 3 1 2 2 2  15
         7  159  2 2 4 4 3 2 3 3  23
         8  160  3 2 2 2 3 2 1 1  16
         9  161  2 0 1 1 1 0 2 2   9
        10  162  1 2 2 1 2 1 1 0  10
        11  163  1 1 3 2 1 0 1 2  11
        12  164  2 2 2 2 1 2 1 2  14
        13  165  2 2 1 1 1 1 1 1  10
        14  166  2 2 2 2 3 4 4 4  23
        15  167  4 3 4 2 4 3 3 3  26
        16  168  3 2 3 3 2 3 4 3  23
        17  169  3 3 3 3 3 2 2 2  21
        18  170  3 3 3 3 3 1 1 1  18
        19  171  2 1 2 3 3 2 2 2  17
        20  172  3 3 3 3 2 1 2 1  18
        21  173  2 2 1 2 1 1 2 2  13
        22  174  2 2 1 2 1 0 0 1   9
        23  175  1 2 2 2 1 0 0 1   9
        24  176  2 1 2 1 0 1 2 3  12
        25  177  3 3 3 3 2 3 3 2  22
        26  178  4 3 3 4 3 2 3 2  24
        27  179  3 3 2 3 2 3 1 1  18
        28  180  2 3 1 2 2 2 2 2  16
        29  181  2 2 3 3 2 2 2 3  19
        30  182  2 3 3 3 2 1 2 1  17
IRT
2008 07  1  183  1 2 2 3 3 1 0 0  12
         2  184  2 2 2 1 1 0 0 1   9
         3  185  1 2 1 1 1 1 1 1   9
         4  186  2 2 1 1 1 3 1 2  13
         5  187  2 2 2 3 3 2 2 2  18
         6  188  2 2 2 1 1 1 0 1  10
         7  189  1 2 2 1 0 0 0 1   7
         8  190  2 2 2 2 1 0 1 1  11
         9  191  1 2 2 1 1 1 1 1  10
        10  192  2 2 2 2 2 1 1 2  14
        11  193  2 1 3 3 3 2 2 3  19
        12  194  2 3 3 3 3 2 2 2  20
        13  195  2 2 4 3 3 3 3 2  22
        14  196  2 2 3 3 3 2 1 2  18
        15  197  3 3 2 2 2 1 1 2  16
        16  198  1 2 2 2 1 2 1 2  13
        17  199  2 2 2 2 1 1 1 1  12
        18  200  1 1 1 1 2 0 1 0   7
        19  201  1 1 2 1 1 0 0 1   7
        20  202  1 1 1 1 1 0 1 1   7
        21  203  1 1 2 2 2 2 1 1  12
        22  204  2 2 2 3 3 3 3 3  21
        23  205  3 4 3 3 4 3 3 2  25
        24  206  3 2 3 2 2 2 1 2  17
        25  207  1 2 2 2 1 0 0 0   8
        26  208  2 1 2 2 1 1 1 1  11
        27  209  1 0 1 2 1 1 2 3  11
        28  210  2 3 2 2 1 1 1 1  13
        29  211  1 1 2 1 1 1 1 2  10
        30  212  2 2 3 2 1 1 1 2  14
        31  213  2 1 1 1 1 2 1 1  10
IRT
2008 08  1  214  1 3 2 2 1 2 1 1  13
         2  215  1 1 2 2 1 0 1 1   9
         3  216  1 2 2 1 1 2 2 2  13
         4  217  1 1 1 1 1 0 1 0   6
         5  218  2 2 2 2 2 1 1 0  12
         6  219  1 2 3 2 2 2 2 2  16
         7  220  2 2 1 2 1 2 1 2  13
         8  221  1 2 2 0 1 1 0 2   9
         9  222  2 3 3 3 2 3 4 4  24
        10  223  3 4 4 3 3 2 2 2  23
        11  224  3 2 2 3 2 2 1 1  16
        12  225  2 3 2 2 2 3 1 1  16
        13  226  2 2 2 2 2 1 1 1  13
        14  227  3 2 2 2 2 1 0 1  13
        15  228  2 1 1 1 0 0 0 0   5
        16  229  1 2 2 2 1 2 2 2  14
        17  230  2 3 3 2 2 2 1 2  17
        18  231  2 3 3 4 5 4 4 3  28
        19  232  3 3 2 3 2 3 2 2  20
        20  233  2 3 2 2 2 2 0 0  13
        21  234  1 1 1 2 2 0 1 1   9
        22  235  2 2 2 2 1 1 1 1  12
        23  236  0 1 1 0 1 2 0 1   6
        24  237  2 2 1 1 1 1 1 1  10
        25  238  1 0 1 0 1 0 0 1   4
        26  239  1 1 1 1 1 1 0 1   7
        27  240  2 1 1 1 1 1 0 1   8
        28  241  1 1 1 1 1 1 1 2   9
        29  242  2 3 1 1 0 2 1 1  11
        30  243  3 3 2 2 1 1 0 1  13
        31  244  2 3 3 2 1 2 1 2  16
IRT
2008 09  1  245  3 2 2 1 1 2 2 2  15
         2  246  2 2 2 2 2 0 0 2  12
         3  247  2 3 3 3 1 3 3 3  21
         4  248  5 4 3 4 4 3 2 2  27
         5  249  2 2 3 2 2 1 2 2  16
         6  250  3 3 2 2 3 2 2 2  19
         7  251  3 3 2 1 3 2 3 1  18
         8  252  1 2 2 3 2 3 4 2  19
         9  253  2 2 2 2 0 0 1 2  11
        10  254  2 1 2 1 1 1 1 1  10
        11  255  1 2 1 1 0 1 0 1   7
        12  256  1 1 2 1 1 1 1 0   8
        13  257  0 2 1 0 0 0 0 1   4
        14  258  2 2 2 2 2 0 3 3  16
        15  259  2 3 4 4 5 4 3 2  27
        16  260  2 3 2 3 1 3 3 1  18
        17  261  2 2 2 1 0 0 1 1   9
        18  262  2 1 3 3 3 3 1 1  17
        19  263  1 1 2 2 3 2 3 2  16
        20  264  2 2 1 1 1 1 1 1  10
        21  265  2 2 1 2 1 2 2 2  14
        22  266  3 3 2 1 2 2 2 2  17
        23  267  1 2 2 2 1 1 1 2  12
        24  268  2 3 2 2 1 1 0 1  12
        25  269  2 2 2 1 1 1 2 2  13
        26  270  2 3 2 1 1 1 0 1  11
        27  271  1 1 2 1 1 2 2 2  12
        28  272  2 3 2 2 2 1 1 1  14
        29  273  2 2 2 2 1 0 0 2  11
        30  274  2 2 2 1 2 2 2 2  15
IRT
2008 10  1  275  2 2 3 2 2 3 2 2  18
         2  276  2 2 3 4 4 2 3 2  22
         3  277  2 2 3 3 4 3 3 3  23
         4  278  2 4 2 3 2 2 0 2  17
         5  279  1 2 2 1 2 1 1 1  11
         6  280  2 2 1 1 0 1 0 1   8
         7  281  1 2 1 1 2 2 1 0  10
         8  282  1 1 1 0 0 0 0 0   3
         9  283  1 0 1 0 0 0 0 0   2
        10  284  0 1 1 2 1 1 1 1   8
        11  285  2 2 4 4 6 5 3 2  28
        12  286  2 2 3 3 3 3 2 4  22
        13  287  2 2 3 3 1 2 2 1  16
        14  288  2 2 2 2 1 2 1 1  13
        15  289  2 3 3 2 3 2 2 2  19
        16  290  2 2 2 2 0 1 1 1  11
        17  291  1 1 1 2 2 0 0 1   8
        18  292  1 0 1 0 0 0 0 0   2
        19  293  1 1 0 2 3 4 4 2  17
        20  294  2 1 1 0 1 2 1 0   8
        21  295  1 1 2 1 2 1 1 0   9
        22  296  1 1 0 1 2 3 3 2  13
        23  297  1 1 2 1 0 1 1 0   7
        24  298  0 2 2 0 0 0 0 0   4
        25  299  2 2 1 1 1 1 1 1  10
        26  300  1 2 2 2 3 3 0 1  14
        27  301  1 1 2 0 0 0 0 0   4
        28  302  1 1 2 2 2 2 2 2  14
        29  203  3 4 3 2 3 4 3 3  25
        30  304  2 2 2 3 3 4 3 2  21
        31  305  2 2 2 2 1 2 2 2  15
IRT
2008 11  1  306  1 0 1 1 1 1 1 0   6
         2  307  1 1 1 2 2 1 1 1  10
         3  308  1 1 1 0 0 1 1 1   6
         4  309  2 2 1 0 0 0 0 0   5
         5  310  1 1 0 0 1 0 0 0   3
         6  311  1 1 0 0 0 1 1 1   5
         7  312  0 2 3 2 3 2 2 4  18
         8  313  3 3 3 4 3 2 3 1  22
         9  314  3 2 2 3 1 2 2 3  18
        10  315  1 1 1 0 2 2 0 1   8
        11  316  1 2 1 1 0 1 0 0   6
        12  317  1 1 2 1 1 2 1 1  10
        13  318  1 1 1 1 1 0 0 0   5
        14  319  1 1 0 1 0 2 1 1   7
        15  320  2 0 1 0 1 2 2 3  11
        16  321  3 3 2 2 3 1 1 2  17
        17  322  2 1 2 0 0 0 1 0   6
        18  323  1 1 1 0 0 1 1 0   5
        19  324  0 0 1 0 0 2 2 0   5
        20  325  0 1 0 0 1 0 1 1   4
        21  326  1 0 0 1 0 0 0 0   2
        22  327  0 0 0 0 0 1 1 0   2
        23  328  1 1 0 0 0 0 0 0   2
        24  329  0 1 0 0 0 0 0 0   1
        25  330  3 4 3 3 3 3 3 2  24
        26  331  2 3 3 1 1 2 2 3  17
        27  332  2 2 2 1 2 3 3 2  17
        28  333  1 1 1 1 1 1 2 2  10
        29  334  1 2 1 1 0 2 1 1   9
        30  335  2 2 1 1 1 2 0 0   9
IRT
2008 12  1  336  0 1 1 0 0 0 0 0   2
         2  337  0 0 0 0 0 0 0 0   0
         3  338  1 1 2 1 2 3 2 2  14
         4  339  2 2 3 3 3 3 1 1  18
         5  340  1 2 3 4 3 4 2 3  22
         6  341  3 3 3 3 3 3 2 2  22
         7  342  1 1 1 3 3 3 2 1  15
         8  343  1 1 1 0 1 2 2 0   8
         9  344  0 1 1 0 0 1 0 0   3
        10  345  0 0 1 1 2 2 2 2  10
        11  346  2 2 1 1 2 3 1 1  13
        12  347  0 1 1 2 2 2 1 1  10
        13  348  2 1 1 0 1 0 1 1   7
        14  349  0 0 0 0 0 1 0 0   1
        15  350  0 1 2 1 0 1 1 1   7
        16  351  1 1 2 2 2 2 3 3  16
        17  352  2 3 2 1 2 3 1 1  15
        18  353  1 2 1 1 2 1 1 1  10
        19  354  0 1 1 2 2 2 1 1  10
        20  355  1 1 1 1 2 2 0 0   8
        21  356  1 1 1 1 1 2 0 0   7
        22  357  1 0 1 0 1 3 3 2  11
        23  358  2 2 2 2 3 4 3 3  21
        24  359  2 2 2 2 1 2 2 2  15
        25  360  1 1 0 1 3 1 2 2  11
        26  361  1 0 0 0 0 0 1 0   2
        27  362  2 1 1 0 1 1 1 1   8
        28  363  1 0 1 2 1 1 0 0   6
        29  364  1 1 1 1 0 0 0 0   4
        30  365  1 2 1 0 1 0 2 2   9
        31  366  3 3 2 3 2 3 2 1  19